0 0.2245615589598183 0.4900497512437811 0.07789220126281521 0.0845771144278607
0 0.4623813649430945 0.39676616915422885 0.04640386458210273 0.36567164179104483
0 0.5361303640110792 0.6007462686567164 0.06794851599522182 0.4253731343283582
0 0.7930089000905761 0.527363184079602 0.12098150408905341 0.13432835820895528
0 0.702687092243269 0.25 0.08617860565247654 0.3308457711442786
0 0.3902896467530421 0.6791044776119404 0.06131939248349276 0.4378109452736318
0 0.21130331193636043 0.931592039800995 0.40934837684926295 0.09701492537313428
0 0.1383829533073419 0.6716417910447761 0.06463395423935729 0.29353233830845765
0 0.730032226729151 0.7661691542288557 0.08120676301867974 0.2835820895522388
0 0.24196300817810681 0.1691542288557214 0.13921159374630804 0.24875621890547264
